participant_id repetition n_correct n_responses p_correct
2 1 3 9 0.3333333333333333
2 2 4 9 0.4444444444444444
2 3 5 9 0.5555555555555556
2 4 2 9 0.2222222222222222
2 5 4 9 0.4444444444444444
2 6 5 9 0.5555555555555556
2 7 4 9 0.4444444444444444
2 8 5 9 0.5555555555555556
2 9 4 9 0.4444444444444444
2 10 5 9 0.5555555555555556
2 11 7 9 0.7777777777777778
2 12 7 9 0.7777777777777778
2 13 8 9 0.8888888888888888
2 14 8 9 0.8888888888888888
2 15 8 9 0.8888888888888888
2 16 8 9 0.8888888888888888
2 17 8 9 0.8888888888888888
2 18 6 9 0.6666666666666666
2 19 8 9 0.8888888888888888
2 20 8 9 0.8888888888888888
17 1 2 9 0.2222222222222222
17 2 2 9 0.2222222222222222
17 3 2 9 0.2222222222222222
17 4 1 9 0.1111111111111111
17 5 2 9 0.2222222222222222
17 6 1 9 0.1111111111111111
17 7 2 9 0.2222222222222222
17 8 5 9 0.5555555555555556
17 9 2 9 0.2222222222222222
17 10 0 9 0
17 11 3 9 0.3333333333333333
17 12 3 9 0.3333333333333333
17 13 4 9 0.4444444444444444
17 14 3 9 0.3333333333333333
17 15 4 9 0.4444444444444444
17 16 4 9 0.4444444444444444
17 17 2 9 0.2222222222222222
17 18 4 9 0.4444444444444444
17 19 3 9 0.3333333333333333
17 20 2 9 0.2222222222222222
19 1 1 9 0.1111111111111111
19 2 6 9 0.6666666666666666
19 3 7 9 0.7777777777777778
19 4 6 9 0.6666666666666666
19 5 1 9 0.1111111111111111
19 6 5 9 0.5555555555555556
19 7 5 9 0.5555555555555556
19 8 9 9 1
19 9 8 9 0.8888888888888888
19 10 9 9 1
19 11 9 9 1
19 12 9 9 1
19 13 9 9 1
19 14 9 9 1
19 15 9 9 1
19 16 9 9 1
19 17 9 9 1
19 18 9 9 1
19 19 9 9 1
19 20 9 9 1
25 1 8 9 0.8888888888888888
25 2 8 9 0.8888888888888888
25 3 8 9 0.8888888888888888
25 4 7 9 0.7777777777777778
25 5 9 9 1
25 6 9 9 1
25 7 9 9 1
25 8 9 9 1
25 9 9 9 1
25 10 9 9 1
25 11 8 9 0.8888888888888888
25 12 9 9 1
25 13 9 9 1
25 14 9 9 1
25 15 9 9 1
25 16 9 9 1
25 17 9 9 1
25 18 9 9 1
25 19 9 9 1
25 20 9 9 1
27 1 3 9 0.3333333333333333
27 2 5 9 0.5555555555555556
27 3 1 9 0.1111111111111111
27 4 5 9 0.5555555555555556
27 5 5 9 0.5555555555555556
27 6 6 9 0.6666666666666666
27 7 6 9 0.6666666666666666
27 8 6 9 0.6666666666666666
27 9 2 9 0.2222222222222222
27 10 3 9 0.3333333333333333
27 11 5 9 0.5555555555555556
27 12 4 9 0.4444444444444444
27 13 5 9 0.5555555555555556
27 14 4 9 0.4444444444444444
27 15 4 9 0.4444444444444444
27 16 4 9 0.4444444444444444
27 17 5 9 0.5555555555555556
27 18 3 9 0.3333333333333333
27 19 4 9 0.4444444444444444
27 20 2 9 0.2222222222222222
28 1 4 9 0.4444444444444444
28 2 6 9 0.6666666666666666
28 3 8 9 0.8888888888888888
28 4 9 9 1
28 5 6 9 0.6666666666666666
28 6 9 9 1
28 7 8 9 0.8888888888888888
28 8 9 9 1
28 9 9 9 1
28 10 9 9 1
28 11 9 9 1
28 12 9 9 1
28 13 8 9 0.8888888888888888
28 14 9 9 1
28 15 9 9 1
28 16 9 9 1
28 17 9 9 1
28 18 9 9 1
28 19 9 9 1
28 20 9 9 1
33 1 4 9 0.4444444444444444
33 2 6 9 0.6666666666666666
33 3 3 9 0.3333333333333333
33 4 6 9 0.6666666666666666
33 5 8 9 0.8888888888888888
33 6 7 9 0.7777777777777778
33 7 7 9 0.7777777777777778
33 8 9 9 1
33 9 8 9 0.8888888888888888
33 10 8 9 0.8888888888888888
33 11 7 9 0.7777777777777778
33 12 7 9 0.7777777777777778
33 13 9 9 1
33 14 4 9 0.4444444444444444
33 15 9 9 1
33 16 9 9 1
33 17 8 9 0.8888888888888888
33 18 9 9 1
33 19 9 9 1
33 20 9 9 1
37 1 4 9 0.4444444444444444
37 2 4 9 0.4444444444444444
37 3 4 9 0.4444444444444444
37 4 4 9 0.4444444444444444
37 5 4 9 0.4444444444444444
37 6 8 9 0.8888888888888888
37 7 6 9 0.6666666666666666
37 8 5 9 0.5555555555555556
37 9 6 9 0.6666666666666666
37 10 9 9 1
37 11 8 9 0.8888888888888888
37 12 9 9 1
37 13 9 9 1
37 14 9 9 1
37 15 7 9 0.7777777777777778
37 16 9 9 1
37 17 9 9 1
37 18 9 9 1
37 19 9 9 1
37 20 9 9 1
38 1 6 9 0.6666666666666666
38 2 4 9 0.4444444444444444
38 3 7 9 0.7777777777777778
38 4 5 9 0.5555555555555556
38 5 7 9 0.7777777777777778
38 6 7 9 0.7777777777777778
38 7 8 9 0.8888888888888888
38 8 9 9 1
38 9 9 9 1
38 10 9 9 1
38 11 8 9 0.8888888888888888
38 12 9 9 1
38 13 9 9 1
38 14 9 9 1
38 15 9 9 1
38 16 9 9 1
38 17 9 9 1
38 18 9 9 1
38 19 9 9 1
38 20 9 9 1
40 1 5 9 0.5555555555555556
40 2 5 9 0.5555555555555556
40 3 9 9 1
40 4 7 9 0.7777777777777778
40 5 8 9 0.8888888888888888
40 6 9 9 1
40 7 9 9 1
40 8 9 9 1
40 9 9 9 1
40 10 9 9 1
40 11 9 9 1
40 12 9 9 1
40 13 9 9 1
40 14 9 9 1
40 15 9 9 1
40 16 9 9 1
40 17 9 9 1
40 18 9 9 1
40 19 9 9 1
40 20 9 9 1
41 1 7 9 0.7777777777777778
41 2 9 9 1
41 3 9 9 1
41 4 9 9 1
41 5 9 9 1
41 6 9 9 1
41 7 9 9 1
41 8 9 9 1
41 9 9 9 1
41 10 9 9 1
41 11 9 9 1
41 12 9 9 1
41 13 9 9 1
41 14 9 9 1
41 15 9 9 1
41 16 9 9 1
41 17 9 9 1
41 18 9 9 1
41 19 9 9 1
41 20 9 9 1
42 1 6 9 0.6666666666666666
42 2 6 9 0.6666666666666666
42 3 5 9 0.5555555555555556
42 4 6 9 0.6666666666666666
42 5 9 9 1
42 6 6 9 0.6666666666666666
42 7 3 9 0.3333333333333333
42 8 7 9 0.7777777777777778
42 9 7 9 0.7777777777777778
42 10 7 9 0.7777777777777778
42 11 9 9 1
42 12 6 9 0.6666666666666666
42 13 6 9 0.6666666666666666
42 14 7 9 0.7777777777777778
42 15 8 9 0.8888888888888888
42 16 7 9 0.7777777777777778
42 17 7 9 0.7777777777777778
42 18 7 9 0.7777777777777778
42 19 7 9 0.7777777777777778
42 20 5 9 0.5555555555555556
48 1 4 9 0.4444444444444444
48 2 4 9 0.4444444444444444
48 3 6 9 0.6666666666666666
48 4 3 9 0.3333333333333333
48 5 6 9 0.6666666666666666
48 6 7 9 0.7777777777777778
48 7 3 9 0.3333333333333333
48 8 7 9 0.7777777777777778
48 9 7 9 0.7777777777777778
48 10 7 9 0.7777777777777778
48 11 8 9 0.8888888888888888
48 12 9 9 1
48 13 9 9 1
48 14 9 9 1
48 15 9 9 1
48 16 9 9 1
48 17 9 9 1
48 18 9 9 1
48 19 9 9 1
48 20 9 9 1
50 1 5 9 0.5555555555555556
50 2 9 9 1
50 3 8 9 0.8888888888888888
50 4 9 9 1
50 5 9 9 1
50 6 9 9 1
50 7 9 9 1
50 8 7 9 0.7777777777777778
50 9 9 9 1
50 10 4 9 0.4444444444444444
50 11 8 9 0.8888888888888888
50 12 9 9 1
50 13 9 9 1
50 14 9 9 1
50 15 9 9 1
50 16 9 9 1
50 17 9 9 1
50 18 9 9 1
50 19 9 9 1
50 20 9 9 1
52 1 6 9 0.6666666666666666
52 2 6 9 0.6666666666666666
52 3 7 9 0.7777777777777778
52 4 8 9 0.8888888888888888
52 5 6 9 0.6666666666666666
52 6 6 9 0.6666666666666666
52 7 7 9 0.7777777777777778
52 8 6 9 0.6666666666666666
52 9 7 9 0.7777777777777778
52 10 6 9 0.6666666666666666
52 11 9 9 1
52 12 9 9 1
52 13 9 9 1
52 14 8 9 0.8888888888888888
52 15 7 9 0.7777777777777778
52 16 8 9 0.8888888888888888
52 17 9 9 1
52 18 9 9 1
52 19 8 9 0.8888888888888888
52 20 8 9 0.8888888888888888
57 1 3 9 0.3333333333333333
57 2 4 9 0.4444444444444444
57 3 4 9 0.4444444444444444
57 4 1 9 0.1111111111111111
57 5 5 9 0.5555555555555556
57 6 6 9 0.6666666666666666
57 7 4 9 0.4444444444444444
57 8 3 9 0.3333333333333333
57 9 5 9 0.5555555555555556
57 10 4 9 0.4444444444444444
57 11 6 9 0.6666666666666666
57 12 7 9 0.7777777777777778
57 13 6 9 0.6666666666666666
57 14 5 9 0.5555555555555556
57 15 7 9 0.7777777777777778
57 16 5 9 0.5555555555555556
57 17 3 9 0.3333333333333333
57 18 4 9 0.4444444444444444
57 19 4 9 0.4444444444444444
57 20 5 9 0.5555555555555556
60 1 6 9 0.6666666666666666
60 2 5 9 0.5555555555555556
60 3 8 9 0.8888888888888888
60 4 8 9 0.8888888888888888
60 5 9 9 1
60 6 9 9 1
60 7 9 9 1
60 8 8 9 0.8888888888888888
60 9 9 9 1
60 10 9 9 1
60 11 9 9 1
60 12 9 9 1
60 13 9 9 1
60 14 9 9 1
60 15 9 9 1
60 16 9 9 1
60 17 9 9 1
60 18 9 9 1
60 19 9 9 1
60 20 9 9 1
63 1 4 9 0.4444444444444444
63 2 4 9 0.4444444444444444
63 3 4 9 0.4444444444444444
63 4 4 9 0.4444444444444444
63 5 5 9 0.5555555555555556
63 6 4 9 0.4444444444444444
63 7 6 9 0.6666666666666666
63 8 5 9 0.5555555555555556
63 9 4 9 0.4444444444444444
63 10 6 9 0.6666666666666666
63 11 8 9 0.8888888888888888
63 12 7 9 0.7777777777777778
63 13 7 9 0.7777777777777778
63 14 8 9 0.8888888888888888
63 15 8 9 0.8888888888888888
63 16 7 9 0.7777777777777778
63 17 5 9 0.5555555555555556
63 18 9 9 1
63 19 9 9 1
63 20 9 9 1
64 1 5 9 0.5555555555555556
64 2 6 9 0.6666666666666666
64 3 4 9 0.4444444444444444
64 4 5 9 0.5555555555555556
64 5 5 9 0.5555555555555556
64 6 7 9 0.7777777777777778
64 7 7 9 0.7777777777777778
64 8 8 9 0.8888888888888888
64 9 9 9 1
64 10 9 9 1
64 11 9 9 1
64 12 9 9 1
64 13 8 9 0.8888888888888888
64 14 9 9 1
64 15 9 9 1
64 16 9 9 1
64 17 9 9 1
64 18 9 9 1
64 19 9 9 1
64 20 8 9 0.8888888888888888
70 1 5 9 0.5555555555555556
70 2 5 9 0.5555555555555556
70 3 7 9 0.7777777777777778
70 4 5 9 0.5555555555555556
70 5 3 9 0.3333333333333333
70 6 7 9 0.7777777777777778
70 7 8 9 0.8888888888888888
70 8 8 9 0.8888888888888888
70 9 7 9 0.7777777777777778
70 10 7 9 0.7777777777777778
70 11 8 9 0.8888888888888888
70 12 6 9 0.6666666666666666
70 13 5 9 0.5555555555555556
70 14 6 9 0.6666666666666666
70 15 5 9 0.5555555555555556
70 16 6 9 0.6666666666666666
70 17 7 9 0.7777777777777778
70 18 7 9 0.7777777777777778
70 19 8 9 0.8888888888888888
70 20 7 9 0.7777777777777778
72 1 3 9 0.3333333333333333
72 2 4 9 0.4444444444444444
72 3 3 9 0.3333333333333333
72 4 6 9 0.6666666666666666
72 5 3 9 0.3333333333333333
72 6 4 9 0.4444444444444444
72 7 4 9 0.4444444444444444
72 8 6 9 0.6666666666666666
72 9 7 9 0.7777777777777778
72 10 6 9 0.6666666666666666
72 11 5 9 0.5555555555555556
72 12 9 9 1
72 13 9 9 1
72 14 9 9 1
72 15 9 9 1
72 16 8 9 0.8888888888888888
72 17 9 9 1
72 18 8 9 0.8888888888888888
72 19 9 9 1
72 20 9 9 1
81 1 3 9 0.3333333333333333
81 2 3 9 0.3333333333333333
81 3 4 9 0.4444444444444444
81 4 5 9 0.5555555555555556
81 5 5 9 0.5555555555555556
81 6 1 9 0.1111111111111111
81 7 6 9 0.6666666666666666
81 8 5 9 0.5555555555555556
81 9 5 9 0.5555555555555556
81 10 2 9 0.2222222222222222
81 11 0 9 0
81 12 6 9 0.6666666666666666
81 13 3 9 0.3333333333333333
81 14 6 9 0.6666666666666666
81 15 4 9 0.4444444444444444
81 16 6 9 0.6666666666666666
81 17 5 9 0.5555555555555556
81 18 7 9 0.7777777777777778
81 19 3 9 0.3333333333333333
81 20 4 9 0.4444444444444444
82 1 4 9 0.4444444444444444
82 2 6 9 0.6666666666666666
82 3 8 9 0.8888888888888888
82 4 8 9 0.8888888888888888
82 5 8 9 0.8888888888888888
82 6 9 9 1
82 7 9 9 1
82 8 9 9 1
82 9 9 9 1
82 10 9 9 1
82 11 9 9 1
82 12 9 9 1
82 13 9 9 1
82 14 9 9 1
82 15 9 9 1
82 16 9 9 1
82 17 9 9 1
82 18 9 9 1
82 19 8 9 0.8888888888888888
82 20 9 9 1
83 1 3 9 0.3333333333333333
83 2 3 9 0.3333333333333333
83 3 2 9 0.2222222222222222
83 4 6 9 0.6666666666666666
83 5 7 9 0.7777777777777778
83 6 8 9 0.8888888888888888
83 7 8 9 0.8888888888888888
83 8 8 9 0.8888888888888888
83 9 7 9 0.7777777777777778
83 10 8 9 0.8888888888888888
83 11 7 9 0.7777777777777778
83 12 8 9 0.8888888888888888
83 13 8 9 0.8888888888888888
83 14 7 9 0.7777777777777778
83 15 8 9 0.8888888888888888
83 16 8 9 0.8888888888888888
83 17 8 9 0.8888888888888888
83 18 8 9 0.8888888888888888
83 19 8 9 0.8888888888888888
83 20 8 9 0.8888888888888888
88 1 7 9 0.7777777777777778
88 2 7 9 0.7777777777777778
88 3 9 9 1
88 4 9 9 1
88 5 9 9 1
88 6 8 9 0.8888888888888888
88 7 9 9 1
88 8 9 9 1
88 9 9 9 1
88 10 8 9 0.8888888888888888
88 11 9 9 1
88 12 9 9 1
88 13 9 9 1
88 14 9 9 1
88 15 8 9 0.8888888888888888
88 16 9 9 1
88 17 9 9 1
88 18 9 9 1
88 19 9 9 1
88 20 9 9 1
92 1 6 9 0.6666666666666666
92 2 3 9 0.3333333333333333
92 3 3 9 0.3333333333333333
92 4 1 9 0.1111111111111111
92 5 6 9 0.6666666666666666
92 6 3 9 0.3333333333333333
92 7 3 9 0.3333333333333333
92 8 3 9 0.3333333333333333
92 9 6 9 0.6666666666666666
92 10 5 9 0.5555555555555556
92 11 6 9 0.6666666666666666
92 12 5 9 0.5555555555555556
92 13 5 9 0.5555555555555556
92 14 6 9 0.6666666666666666
92 15 3 9 0.3333333333333333
92 16 4 9 0.4444444444444444
92 17 7 9 0.7777777777777778
92 18 3 9 0.3333333333333333
92 19 6 9 0.6666666666666666
92 20 4 9 0.4444444444444444
97 1 1 9 0.1111111111111111
97 2 2 9 0.2222222222222222
97 3 2 9 0.2222222222222222
97 4 2 9 0.2222222222222222
97 5 3 9 0.3333333333333333
97 6 1 9 0.1111111111111111
97 7 1 9 0.1111111111111111
97 8 2 9 0.2222222222222222
97 9 2 9 0.2222222222222222
97 10 1 9 0.1111111111111111
97 11 3 9 0.3333333333333333
97 12 1 9 0.1111111111111111
97 13 1 9 0.1111111111111111
97 14 1 9 0.1111111111111111
97 15 0 9 0
97 16 2 9 0.2222222222222222
97 17 1 9 0.1111111111111111
97 18 2 9 0.2222222222222222
97 19 1 9 0.1111111111111111
97 20 1 9 0.1111111111111111
98 1 7 9 0.7777777777777778
98 2 5 9 0.5555555555555556
98 3 8 9 0.8888888888888888
98 4 6 9 0.6666666666666666
98 5 8 9 0.8888888888888888
98 6 8 9 0.8888888888888888
98 7 6 9 0.6666666666666666
98 8 6 9 0.6666666666666666
98 9 8 9 0.8888888888888888
98 10 9 9 1
98 11 6 9 0.6666666666666666
98 12 8 9 0.8888888888888888
98 13 9 9 1
98 14 9 9 1
98 15 9 9 1
98 16 9 9 1
98 17 9 9 1
98 18 9 9 1
98 19 9 9 1
98 20 9 9 1
103 1 4 9 0.4444444444444444
103 2 6 9 0.6666666666666666
103 3 1 9 0.1111111111111111
103 4 4 9 0.4444444444444444
103 5 2 9 0.2222222222222222
103 6 1 9 0.1111111111111111
103 7 3 9 0.3333333333333333
103 8 3 9 0.3333333333333333
103 9 6 9 0.6666666666666666
103 10 3 9 0.3333333333333333
103 11 4 9 0.4444444444444444
103 12 4 9 0.4444444444444444
103 13 6 9 0.6666666666666666
103 14 6 9 0.6666666666666666
103 15 7 9 0.7777777777777778
103 16 6 9 0.6666666666666666
103 17 5 9 0.5555555555555556
103 18 6 9 0.6666666666666666
103 19 5 9 0.5555555555555556
103 20 5 9 0.5555555555555556
104 1 2 9 0.2222222222222222
104 2 2 9 0.2222222222222222
104 3 6 9 0.6666666666666666
104 4 6 9 0.6666666666666666
104 5 7 9 0.7777777777777778
104 6 6 9 0.6666666666666666
104 7 9 9 1
104 8 9 9 1
104 9 9 9 1
104 10 9 9 1
104 11 9 9 1
104 12 9 9 1
104 13 9 9 1
104 14 9 9 1
104 15 9 9 1
104 16 7 9 0.7777777777777778
104 17 9 9 1
104 18 9 9 1
104 19 8 9 0.8888888888888888
104 20 9 9 1
105 1 5 9 0.5555555555555556
105 2 3 9 0.3333333333333333
105 3 6 9 0.6666666666666666
105 4 6 9 0.6666666666666666
105 5 7 9 0.7777777777777778
105 6 8 9 0.8888888888888888
105 7 9 9 1
105 8 9 9 1
105 9 9 9 1
105 10 9 9 1
105 11 9 9 1
105 12 9 9 1
105 13 9 9 1
105 14 8 9 0.8888888888888888
105 15 9 9 1
105 16 9 9 1
105 17 9 9 1
105 18 9 9 1
105 19 3 9 0.3333333333333333
105 20 9 9 1
106 1 3 9 0.3333333333333333
106 2 7 9 0.7777777777777778
106 3 4 9 0.4444444444444444
106 4 6 9 0.6666666666666666
106 5 4 9 0.4444444444444444
106 6 5 9 0.5555555555555556
106 7 6 9 0.6666666666666666
106 8 7 9 0.7777777777777778
106 9 5 9 0.5555555555555556
106 10 5 9 0.5555555555555556
106 11 6 9 0.6666666666666666
106 12 4 9 0.4444444444444444
106 13 5 9 0.5555555555555556
106 14 8 9 0.8888888888888888
106 15 9 9 1
106 16 5 9 0.5555555555555556
106 17 5 9 0.5555555555555556
106 18 6 9 0.6666666666666666
106 19 6 9 0.6666666666666666
106 20 6 9 0.6666666666666666
108 1 2 9 0.2222222222222222
108 2 3 9 0.3333333333333333
108 3 3 9 0.3333333333333333
108 4 2 9 0.2222222222222222
108 5 2 9 0.2222222222222222
108 6 3 9 0.3333333333333333
108 7 5 9 0.5555555555555556
108 8 6 9 0.6666666666666666
108 9 3 9 0.3333333333333333
108 10 3 9 0.3333333333333333
108 11 4 9 0.4444444444444444
108 12 6 9 0.6666666666666666
108 13 3 9 0.3333333333333333
108 14 6 9 0.6666666666666666
108 15 6 9 0.6666666666666666
108 16 7 9 0.7777777777777778
108 17 6 9 0.6666666666666666
108 18 5 9 0.5555555555555556
108 19 5 9 0.5555555555555556
108 20 6 9 0.6666666666666666
109 1 7 9 0.7777777777777778
109 2 6 9 0.6666666666666666
109 3 7 9 0.7777777777777778
109 4 7 9 0.7777777777777778
109 5 5 9 0.5555555555555556
109 6 5 9 0.5555555555555556
109 7 7 9 0.7777777777777778
109 8 6 9 0.6666666666666666
109 9 7 9 0.7777777777777778
109 10 7 9 0.7777777777777778
109 11 8 9 0.8888888888888888
109 12 9 9 1
109 13 8 9 0.8888888888888888
109 14 8 9 0.8888888888888888
109 15 9 9 1
109 16 7 9 0.7777777777777778
109 17 8 9 0.8888888888888888
109 18 9 9 1
109 19 8 9 0.8888888888888888
109 20 8 9 0.8888888888888888
113 1 9 9 1
113 2 9 9 1
113 3 9 9 1
113 4 9 9 1
113 5 9 9 1
113 6 9 9 1
113 7 8 9 0.8888888888888888
113 8 7 9 0.7777777777777778
113 9 9 9 1
113 10 8 9 0.8888888888888888
113 11 9 9 1
113 12 9 9 1
113 13 9 9 1
113 14 9 9 1
113 15 9 9 1
113 16 8 9 0.8888888888888888
113 17 9 9 1
113 18 9 9 1
113 19 9 9 1
113 20 8 9 0.8888888888888888
116 1 2 9 0.2222222222222222
116 2 7 9 0.7777777777777778
116 3 7 9 0.7777777777777778
116 4 7 9 0.7777777777777778
116 5 7 9 0.7777777777777778
116 6 6 9 0.6666666666666666
116 7 8 9 0.8888888888888888
116 8 8 9 0.8888888888888888
116 9 7 9 0.7777777777777778
116 10 7 9 0.7777777777777778
116 11 9 9 1
116 12 8 9 0.8888888888888888
116 13 9 9 1
116 14 9 9 1
116 15 9 9 1
116 16 9 9 1
116 17 9 9 1
116 18 9 9 1
116 19 9 9 1
116 20 9 9 1
118 1 5 9 0.5555555555555556
118 2 5 9 0.5555555555555556
118 3 5 9 0.5555555555555556
118 4 7 9 0.7777777777777778
118 5 3 9 0.3333333333333333
118 6 7 9 0.7777777777777778
118 7 7 9 0.7777777777777778
118 8 9 9 1
118 9 8 9 0.8888888888888888
118 10 9 9 1
118 11 9 9 1
118 12 9 9 1
118 13 9 9 1
118 14 9 9 1
118 15 9 9 1
118 16 9 9 1
118 17 9 9 1
118 18 9 9 1
118 19 9 9 1
118 20 9 9 1
120 1 5 9 0.5555555555555556
120 2 5 9 0.5555555555555556
120 3 4 9 0.4444444444444444
120 4 4 9 0.4444444444444444
120 5 5 9 0.5555555555555556
120 6 6 9 0.6666666666666666
120 7 6 9 0.6666666666666666
120 8 7 9 0.7777777777777778
120 9 6 9 0.6666666666666666
120 10 7 9 0.7777777777777778
120 11 5 9 0.5555555555555556
120 12 7 9 0.7777777777777778
120 13 7 9 0.7777777777777778
120 14 8 9 0.8888888888888888
120 15 9 9 1
120 16 9 9 1
120 17 9 9 1
120 18 9 9 1
120 19 9 9 1
120 20 9 9 1
123 1 1 9 0.1111111111111111
123 2 4 9 0.4444444444444444
123 3 3 9 0.3333333333333333
123 4 2 9 0.2222222222222222
123 5 7 9 0.7777777777777778
123 6 7 9 0.7777777777777778
123 7 8 9 0.8888888888888888
123 8 8 9 0.8888888888888888
123 9 7 9 0.7777777777777778
123 10 7 9 0.7777777777777778
123 11 7 9 0.7777777777777778
123 12 3 9 0.3333333333333333
123 13 6 9 0.6666666666666666
123 14 7 9 0.7777777777777778
123 15 7 9 0.7777777777777778
123 16 7 9 0.7777777777777778
123 17 6 9 0.6666666666666666
123 18 6 9 0.6666666666666666
123 19 7 9 0.7777777777777778
123 20 7 9 0.7777777777777778
124 1 6 9 0.6666666666666666
124 2 6 9 0.6666666666666666
124 3 6 9 0.6666666666666666
124 4 6 9 0.6666666666666666
124 5 6 9 0.6666666666666666
124 6 7 9 0.7777777777777778
124 7 8 9 0.8888888888888888
124 8 7 9 0.7777777777777778
124 9 8 9 0.8888888888888888
124 10 6 9 0.6666666666666666
124 11 7 9 0.7777777777777778
124 12 8 9 0.8888888888888888
124 13 7 9 0.7777777777777778
124 14 7 9 0.7777777777777778
124 15 5 9 0.5555555555555556
124 16 9 9 1
124 17 5 9 0.5555555555555556
124 18 6 9 0.6666666666666666
124 19 8 9 0.8888888888888888
124 20 6 9 0.6666666666666666
125 1 6 9 0.6666666666666666
125 2 6 9 0.6666666666666666
125 3 2 9 0.2222222222222222
125 4 4 9 0.4444444444444444
125 5 6 9 0.6666666666666666
125 6 7 9 0.7777777777777778
125 7 9 9 1
125 8 9 9 1
125 9 9 9 1
125 10 9 9 1
125 11 9 9 1
125 12 9 9 1
125 13 9 9 1
125 14 9 9 1
125 15 9 9 1
125 16 9 9 1
125 17 9 9 1
125 18 9 9 1
125 19 8 9 0.8888888888888888
125 20 9 9 1
127 1 2 9 0.2222222222222222
127 2 3 9 0.3333333333333333
127 3 4 9 0.4444444444444444
127 4 3 9 0.3333333333333333
127 5 3 9 0.3333333333333333
127 6 7 9 0.7777777777777778
127 7 8 9 0.8888888888888888
127 8 6 9 0.6666666666666666
127 9 5 9 0.5555555555555556
127 10 4 9 0.4444444444444444
127 11 7 9 0.7777777777777778
127 12 7 9 0.7777777777777778
127 13 9 9 1
127 14 7 9 0.7777777777777778
127 15 8 9 0.8888888888888888
127 16 9 9 1
127 17 9 9 1
127 18 9 9 1
127 19 9 9 1
127 20 9 9 1
131 1 1 9 0.1111111111111111
131 2 4 9 0.4444444444444444
131 3 1 9 0.1111111111111111
131 4 2 9 0.2222222222222222
131 5 2 9 0.2222222222222222
131 6 3 9 0.3333333333333333
131 7 3 9 0.3333333333333333
131 8 3 9 0.3333333333333333
131 9 4 9 0.4444444444444444
131 10 5 9 0.5555555555555556
131 11 7 9 0.7777777777777778
131 12 6 9 0.6666666666666666
131 13 7 9 0.7777777777777778
131 14 7 9 0.7777777777777778
131 15 9 9 1
131 16 9 9 1
131 17 9 9 1
131 18 8 9 0.8888888888888888
131 19 9 9 1
131 20 9 9 1
132 1 8 9 0.8888888888888888
132 2 9 9 1
132 3 6 9 0.6666666666666666
132 4 9 9 1
132 5 9 9 1
132 6 9 9 1
132 7 9 9 1
132 8 9 9 1
132 9 9 9 1
132 10 9 9 1
132 11 9 9 1
132 12 9 9 1
132 13 9 9 1
132 14 9 9 1
132 15 9 9 1
132 16 9 9 1
132 17 9 9 1
132 18 8 9 0.8888888888888888
132 19 9 9 1
132 20 9 9 1
139 1 5 9 0.5555555555555556
139 2 6 9 0.6666666666666666
139 3 6 9 0.6666666666666666
139 4 6 9 0.6666666666666666
139 5 8 9 0.8888888888888888
139 6 8 9 0.8888888888888888
139 7 9 9 1
139 8 9 9 1
139 9 9 9 1
139 10 9 9 1
139 11 9 9 1
139 12 5 9 0.5555555555555556
139 13 9 9 1
139 14 9 9 1
139 15 9 9 1
139 16 9 9 1
139 17 9 9 1
139 18 8 9 0.8888888888888888
139 19 9 9 1
139 20 9 9 1
140 1 4 9 0.4444444444444444
140 2 6 9 0.6666666666666666
140 3 6 9 0.6666666666666666
140 4 9 9 1
140 5 6 9 0.6666666666666666
140 6 6 9 0.6666666666666666
140 7 7 9 0.7777777777777778
140 8 5 9 0.5555555555555556
140 9 6 9 0.6666666666666666
140 10 8 9 0.8888888888888888
140 11 9 9 1
140 12 7 9 0.7777777777777778
140 13 1 9 0.1111111111111111
140 14 4 9 0.4444444444444444
140 15 7 9 0.7777777777777778
140 16 7 9 0.7777777777777778
140 17 9 9 1
140 18 7 9 0.7777777777777778
140 19 1 9 0.1111111111111111
140 20 8 9 0.8888888888888888
145 1 8 9 0.8888888888888888
145 2 8 9 0.8888888888888888
145 3 9 9 1
145 4 8 9 0.8888888888888888
145 5 9 9 1
145 6 7 9 0.7777777777777778
145 7 9 9 1
145 8 8 9 0.8888888888888888
145 9 7 9 0.7777777777777778
145 10 9 9 1
145 11 9 9 1
145 12 9 9 1
145 13 9 9 1
145 14 8 9 0.8888888888888888
145 15 9 9 1
145 16 9 9 1
145 17 9 9 1
145 18 9 9 1
145 19 9 9 1
145 20 9 9 1
146 1 2 9 0.2222222222222222
146 2 0 9 0
146 3 6 9 0.6666666666666666
146 4 5 9 0.5555555555555556
146 5 3 9 0.3333333333333333
146 6 5 9 0.5555555555555556
146 7 5 9 0.5555555555555556
146 8 4 9 0.4444444444444444
146 9 4 9 0.4444444444444444
146 10 7 9 0.7777777777777778
146 11 5 9 0.5555555555555556
146 12 7 9 0.7777777777777778
146 13 8 9 0.8888888888888888
146 14 9 9 1
146 15 8 9 0.8888888888888888
146 16 9 9 1
146 17 9 9 1
146 18 9 9 1
146 19 9 9 1
146 20 9 9 1
148 1 3 9 0.3333333333333333
148 2 5 9 0.5555555555555556
148 3 4 9 0.4444444444444444
148 4 2 9 0.2222222222222222
148 5 4 9 0.4444444444444444
148 6 3 9 0.3333333333333333
148 7 6 9 0.6666666666666666
148 8 4 9 0.4444444444444444
148 9 4 9 0.4444444444444444
148 10 5 9 0.5555555555555556
148 11 6 9 0.6666666666666666
148 12 4 9 0.4444444444444444
148 13 3 9 0.3333333333333333
148 14 5 9 0.5555555555555556
148 15 5 9 0.5555555555555556
148 16 2 9 0.2222222222222222
148 17 2 9 0.2222222222222222
148 18 1 9 0.1111111111111111
148 19 4 9 0.4444444444444444
148 20 6 9 0.6666666666666666
149 1 2 9 0.2222222222222222
149 2 4 9 0.4444444444444444
149 3 7 9 0.7777777777777778
149 4 9 9 1
149 5 9 9 1
149 6 9 9 1
149 7 9 9 1
149 8 9 9 1
149 9 9 9 1
149 10 9 9 1
149 11 9 9 1
149 12 9 9 1
149 13 9 9 1
149 14 9 9 1
149 15 9 9 1
149 16 9 9 1
149 17 9 9 1
149 18 9 9 1
149 19 9 9 1
149 20 9 9 1
151 1 4 9 0.4444444444444444
151 2 3 9 0.3333333333333333
151 3 0 9 0
151 4 2 9 0.2222222222222222
151 5 4 9 0.4444444444444444
151 6 6 9 0.6666666666666666
151 7 7 9 0.7777777777777778
151 8 8 9 0.8888888888888888
151 9 8 9 0.8888888888888888
151 10 9 9 1
151 11 9 9 1
151 12 8 9 0.8888888888888888
151 13 9 9 1
151 14 9 9 1
151 15 9 9 1
151 16 9 9 1
151 17 9 9 1
151 18 9 9 1
151 19 9 9 1
151 20 9 9 1
154 1 0 9 0
154 2 3 9 0.3333333333333333
154 3 4 9 0.4444444444444444
154 4 6 9 0.6666666666666666
154 5 2 9 0.2222222222222222
154 6 5 9 0.5555555555555556
154 7 4 9 0.4444444444444444
154 8 6 9 0.6666666666666666
154 9 6 9 0.6666666666666666
154 10 6 9 0.6666666666666666
154 11 9 9 1
154 12 5 9 0.5555555555555556
154 13 0 9 0
154 14 5 9 0.5555555555555556
154 15 3 9 0.3333333333333333
154 16 4 9 0.4444444444444444
154 17 6 9 0.6666666666666666
154 18 3 9 0.3333333333333333
154 19 4 9 0.4444444444444444
154 20 6 9 0.6666666666666666
155 1 2 9 0.2222222222222222
155 2 2 9 0.2222222222222222
155 3 9 9 1
155 4 8 9 0.8888888888888888
155 5 9 9 1
155 6 9 9 1
155 7 9 9 1
155 8 9 9 1
155 9 9 9 1
155 10 9 9 1
155 11 9 9 1
155 12 9 9 1
155 13 9 9 1
155 14 9 9 1
155 15 9 9 1
155 16 9 9 1
155 17 9 9 1
155 18 9 9 1
155 19 8 9 0.8888888888888888
155 20 9 9 1
158 1 1 9 0.1111111111111111
158 2 4 9 0.4444444444444444
158 3 4 9 0.4444444444444444
158 4 4 9 0.4444444444444444
158 5 6 9 0.6666666666666666
158 6 6 9 0.6666666666666666
158 7 5 9 0.5555555555555556
158 8 6 9 0.6666666666666666
158 9 8 9 0.8888888888888888
158 10 8 9 0.8888888888888888
158 11 8 9 0.8888888888888888
158 12 9 9 1
158 13 9 9 1
158 14 9 9 1
158 15 9 9 1
158 16 9 9 1
158 17 9 9 1
158 18 9 9 1
158 19 9 9 1
158 20 9 9 1
159 1 4 9 0.4444444444444444
159 2 5 9 0.5555555555555556
159 3 5 9 0.5555555555555556
159 4 5 9 0.5555555555555556
159 5 4 9 0.4444444444444444
159 6 7 9 0.7777777777777778
159 7 4 9 0.4444444444444444
159 8 5 9 0.5555555555555556
159 9 7 9 0.7777777777777778
159 10 7 9 0.7777777777777778
159 11 3 9 0.3333333333333333
159 12 3 9 0.3333333333333333
159 13 7 9 0.7777777777777778
159 14 7 9 0.7777777777777778
159 15 5 9 0.5555555555555556
159 16 7 9 0.7777777777777778
159 17 4 9 0.4444444444444444
159 18 5 9 0.5555555555555556
159 19 6 9 0.6666666666666666
159 20 9 9 1
166 1 7 9 0.7777777777777778
166 2 7 9 0.7777777777777778
166 3 5 9 0.5555555555555556
166 4 2 9 0.2222222222222222
166 5 5 9 0.5555555555555556
166 6 9 9 1
166 7 9 9 1
166 8 9 9 1
166 9 9 9 1
166 10 9 9 1
166 11 9 9 1
166 12 9 9 1
166 13 9 9 1
166 14 9 9 1
166 15 9 9 1
166 16 9 9 1
166 17 9 9 1
166 18 9 9 1
166 19 9 9 1
166 20 9 9 1
170 1 6 9 0.6666666666666666
170 2 5 9 0.5555555555555556
170 3 4 9 0.4444444444444444
170 4 0 9 0
170 5 3 9 0.3333333333333333
170 6 5 9 0.5555555555555556
170 7 5 9 0.5555555555555556
170 8 5 9 0.5555555555555556
170 9 7 9 0.7777777777777778
170 10 9 9 1
170 11 8 9 0.8888888888888888
170 12 9 9 1
170 13 9 9 1
170 14 9 9 1
170 15 9 9 1
170 16 9 9 1
170 17 9 9 1
170 18 9 9 1
170 19 9 9 1
170 20 9 9 1
171 1 3 9 0.3333333333333333
171 2 7 9 0.7777777777777778
171 3 5 9 0.5555555555555556
171 4 7 9 0.7777777777777778
171 5 7 9 0.7777777777777778
171 6 7 9 0.7777777777777778
171 7 9 9 1
171 8 8 9 0.8888888888888888
171 9 9 9 1
171 10 9 9 1
171 11 9 9 1
171 12 9 9 1
171 13 9 9 1
171 14 9 9 1
171 15 9 9 1
171 16 9 9 1
171 17 9 9 1
171 18 9 9 1
171 19 9 9 1
171 20 8 9 0.8888888888888888
173 1 8 9 0.8888888888888888
173 2 8 9 0.8888888888888888
173 3 8 9 0.8888888888888888
173 4 9 9 1
173 5 9 9 1
173 6 9 9 1
173 7 9 9 1
173 8 9 9 1
173 9 8 9 0.8888888888888888
173 10 8 9 0.8888888888888888
173 11 9 9 1
173 12 9 9 1
173 13 8 9 0.8888888888888888
173 14 9 9 1
173 15 9 9 1
173 16 8 9 0.8888888888888888
173 17 8 9 0.8888888888888888
173 18 7 9 0.7777777777777778
173 19 8 9 0.8888888888888888
173 20 7 9 0.7777777777777778
176 1 3 9 0.3333333333333333
176 2 5 9 0.5555555555555556
176 3 6 9 0.6666666666666666
176 4 7 9 0.7777777777777778
176 5 5 9 0.5555555555555556
176 6 7 9 0.7777777777777778
176 7 7 9 0.7777777777777778
176 8 7 9 0.7777777777777778
176 9 7 9 0.7777777777777778
176 10 8 9 0.8888888888888888
176 11 9 9 1
176 12 7 9 0.7777777777777778
176 13 9 9 1
176 14 9 9 1
176 15 8 9 0.8888888888888888
176 16 9 9 1
176 17 9 9 1
176 18 6 9 0.6666666666666666
176 19 9 9 1
176 20 9 9 1
180 1 8 9 0.8888888888888888
180 2 7 9 0.7777777777777778
180 3 9 9 1
180 4 9 9 1
180 5 9 9 1
180 6 9 9 1
180 7 9 9 1
180 8 9 9 1
180 9 9 9 1
180 10 9 9 1
180 11 9 9 1
180 12 9 9 1
180 13 9 9 1
180 14 9 9 1
180 15 9 9 1
180 16 9 9 1
180 17 9 9 1
180 18 9 9 1
180 19 9 9 1
180 20 9 9 1
183 1 8 9 0.8888888888888888
183 2 9 9 1
183 3 8 9 0.8888888888888888
183 4 7 9 0.7777777777777778
183 5 2 9 0.2222222222222222
183 6 7 9 0.7777777777777778
183 7 8 9 0.8888888888888888
183 8 7 9 0.7777777777777778
183 9 6 9 0.6666666666666666
183 10 8 9 0.8888888888888888
183 11 8 9 0.8888888888888888
183 12 8 9 0.8888888888888888
183 13 7 9 0.7777777777777778
183 14 9 9 1
183 15 7 9 0.7777777777777778
183 16 5 9 0.5555555555555556
183 17 1 9 0.1111111111111111
183 18 7 9 0.7777777777777778
183 19 6 9 0.6666666666666666
183 20 9 9 1
185 1 6 9 0.6666666666666666
185 2 6 9 0.6666666666666666
185 3 8 9 0.8888888888888888
185 4 8 9 0.8888888888888888
185 5 9 9 1
185 6 9 9 1
185 7 9 9 1
185 8 9 9 1
185 9 9 9 1
185 10 9 9 1
185 11 9 9 1
185 12 9 9 1
185 13 9 9 1
185 14 9 9 1
185 15 9 9 1
185 16 9 9 1
185 17 9 9 1
185 18 9 9 1
185 19 9 9 1
185 20 9 9 1
191 1 5 9 0.5555555555555556
191 2 7 9 0.7777777777777778
191 3 8 9 0.8888888888888888
191 4 9 9 1
191 5 9 9 1
191 6 8 9 0.8888888888888888
191 7 9 9 1
191 8 9 9 1
191 9 9 9 1
191 10 8 9 0.8888888888888888
191 11 9 9 1
191 12 9 9 1
191 13 9 9 1
191 14 9 9 1
191 15 9 9 1
191 16 9 9 1
191 17 9 9 1
191 18 9 9 1
191 19 9 9 1
191 20 9 9 1
194 1 7 9 0.7777777777777778
194 2 7 9 0.7777777777777778
194 3 7 9 0.7777777777777778
194 4 5 9 0.5555555555555556
194 5 8 9 0.8888888888888888
194 6 8 9 0.8888888888888888
194 7 8 9 0.8888888888888888
194 8 7 9 0.7777777777777778
194 9 8 9 0.8888888888888888
194 10 9 9 1
194 11 7 9 0.7777777777777778
194 12 7 9 0.7777777777777778
194 13 9 9 1
194 14 9 9 1
194 15 8 9 0.8888888888888888
194 16 9 9 1
194 17 9 9 1
194 18 8 9 0.8888888888888888
194 19 9 9 1
194 20 8 9 0.8888888888888888
195 1 6 9 0.6666666666666666
195 2 6 9 0.6666666666666666
195 3 9 9 1
195 4 8 9 0.8888888888888888
195 5 9 9 1
195 6 9 9 1
195 7 9 9 1
195 8 9 9 1
195 9 9 9 1
195 10 9 9 1
195 11 9 9 1
195 12 9 9 1
195 13 9 9 1
195 14 9 9 1
195 15 8 9 0.8888888888888888
195 16 9 9 1
195 17 9 9 1
195 18 9 9 1
195 19 9 9 1
195 20 9 9 1
197 1 2 9 0.2222222222222222
197 2 5 9 0.5555555555555556
197 3 3 9 0.3333333333333333
197 4 1 9 0.1111111111111111
197 5 2 9 0.2222222222222222
197 6 2 9 0.2222222222222222
197 7 6 9 0.6666666666666666
197 8 3 9 0.3333333333333333
197 9 0 9 0
197 10 6 9 0.6666666666666666
197 11 5 9 0.5555555555555556
197 12 7 9 0.7777777777777778
197 13 7 9 0.7777777777777778
197 14 8 9 0.8888888888888888
197 15 9 9 1
197 16 9 9 1
197 17 9 9 1
197 18 4 9 0.4444444444444444
197 19 8 9 0.8888888888888888
197 20 8 9 0.8888888888888888
201 1 2 9 0.2222222222222222
201 2 6 9 0.6666666666666666
201 3 5 9 0.5555555555555556
201 4 7 9 0.7777777777777778
201 5 4 9 0.4444444444444444
201 6 5 9 0.5555555555555556
201 7 6 9 0.6666666666666666
201 8 9 9 1
201 9 9 9 1
201 10 9 9 1
201 11 9 9 1
201 12 9 9 1
201 13 9 9 1
201 14 9 9 1
201 15 9 9 1
201 16 9 9 1
201 17 9 9 1
201 18 9 9 1
201 19 9 9 1
201 20 9 9 1
203 1 8 9 0.8888888888888888
203 2 7 9 0.7777777777777778
203 3 7 9 0.7777777777777778
203 4 6 9 0.6666666666666666
203 5 6 9 0.6666666666666666
203 6 8 9 0.8888888888888888
203 7 9 9 1
203 8 9 9 1
203 9 9 9 1
203 10 9 9 1
203 11 8 9 0.8888888888888888
203 12 9 9 1
203 13 9 9 1
203 14 9 9 1
203 15 9 9 1
203 16 9 9 1
203 17 9 9 1
203 18 9 9 1
203 19 9 9 1
203 20 9 9 1
205 1 6 9 0.6666666666666666
205 2 7 9 0.7777777777777778
205 3 8 9 0.8888888888888888
205 4 9 9 1
205 5 8 9 0.8888888888888888
205 6 9 9 1
205 7 8 9 0.8888888888888888
205 8 9 9 1
205 9 9 9 1
205 10 9 9 1
205 11 9 9 1
205 12 9 9 1
205 13 9 9 1
205 14 9 9 1
205 15 9 9 1
205 16 9 9 1
205 17 9 9 1
205 18 9 9 1
205 19 8 9 0.8888888888888888
205 20 9 9 1
207 1 3 9 0.3333333333333333
207 2 4 9 0.4444444444444444
207 3 6 9 0.6666666666666666
207 4 6 9 0.6666666666666666
207 5 0 9 0
207 6 7 9 0.7777777777777778
207 7 7 9 0.7777777777777778
207 8 8 9 0.8888888888888888
207 9 6 9 0.6666666666666666
207 10 9 9 1
207 11 9 9 1
207 12 8 9 0.8888888888888888
207 13 9 9 1
207 14 9 9 1
207 15 9 9 1
207 16 9 9 1
207 17 4 9 0.4444444444444444
207 18 9 9 1
207 19 9 9 1
207 20 7 9 0.7777777777777778
208 1 1 9 0.1111111111111111
208 2 9 9 1
208 3 3 9 0.3333333333333333
208 4 0 9 0
208 5 0 9 0
208 6 1 9 0.1111111111111111
208 7 0 9 0
208 8 1 9 0.1111111111111111
208 9 1 9 0.1111111111111111
208 10 3 9 0.3333333333333333
208 11 3 9 0.3333333333333333
208 12 1 9 0.1111111111111111
208 13 0 9 0
208 14 0 9 0
208 15 1 9 0.1111111111111111
208 16 0 9 0
208 17 0 9 0
208 18 0 9 0
208 19 1 9 0.1111111111111111
208 20 0 9 0
213 1 5 9 0.5555555555555556
213 2 7 9 0.7777777777777778
213 3 6 9 0.6666666666666666
213 4 6 9 0.6666666666666666
213 5 6 9 0.6666666666666666
213 6 2 9 0.2222222222222222
213 7 6 9 0.6666666666666666
213 8 8 9 0.8888888888888888
213 9 8 9 0.8888888888888888
213 10 7 9 0.7777777777777778
213 11 8 9 0.8888888888888888
213 12 8 9 0.8888888888888888
213 13 8 9 0.8888888888888888
213 14 9 9 1
213 15 5 9 0.5555555555555556
213 16 6 9 0.6666666666666666
213 17 4 9 0.4444444444444444
213 18 5 9 0.5555555555555556
213 19 7 9 0.7777777777777778
213 20 7 9 0.7777777777777778
216 1 7 9 0.7777777777777778
216 2 4 9 0.4444444444444444
216 3 8 9 0.8888888888888888
216 4 3 9 0.3333333333333333
216 5 9 9 1
216 6 8 9 0.8888888888888888
216 7 8 9 0.8888888888888888
216 8 9 9 1
216 9 9 9 1
216 10 9 9 1
216 11 9 9 1
216 12 9 9 1
216 13 9 9 1
216 14 8 9 0.8888888888888888
216 15 9 9 1
216 16 9 9 1
216 17 9 9 1
216 18 9 9 1
216 19 9 9 1
216 20 9 9 1
217 1 2 9 0.2222222222222222
217 2 6 9 0.6666666666666666
217 3 6 9 0.6666666666666666
217 4 4 9 0.4444444444444444
217 5 5 9 0.5555555555555556
217 6 4 9 0.4444444444444444
217 7 5 9 0.5555555555555556
217 8 6 9 0.6666666666666666
217 9 6 9 0.6666666666666666
217 10 4 9 0.4444444444444444
217 11 5 9 0.5555555555555556
217 12 6 9 0.6666666666666666
217 13 2 9 0.2222222222222222
217 14 5 9 0.5555555555555556
217 15 4 9 0.4444444444444444
217 16 5 9 0.5555555555555556
217 17 7 9 0.7777777777777778
217 18 6 9 0.6666666666666666
217 19 6 9 0.6666666666666666
217 20 6 9 0.6666666666666666
218 1 5 9 0.5555555555555556
218 2 4 9 0.4444444444444444
218 3 8 9 0.8888888888888888
218 4 7 9 0.7777777777777778
218 5 7 9 0.7777777777777778
218 6 8 9 0.8888888888888888
218 7 8 9 0.8888888888888888
218 8 7 9 0.7777777777777778
218 9 7 9 0.7777777777777778
218 10 6 9 0.6666666666666666
218 11 9 9 1
218 12 8 9 0.8888888888888888
218 13 9 9 1
218 14 9 9 1
218 15 9 9 1
218 16 9 9 1
218 17 9 9 1
218 18 9 9 1
218 19 9 9 1
218 20 9 9 1
220 1 3 9 0.3333333333333333
220 2 5 9 0.5555555555555556
220 3 4 9 0.4444444444444444
220 4 6 9 0.6666666666666666
220 5 4 9 0.4444444444444444
220 6 4 9 0.4444444444444444
220 7 7 9 0.7777777777777778
220 8 7 9 0.7777777777777778
220 9 8 9 0.8888888888888888
220 10 4 9 0.4444444444444444
220 11 4 9 0.4444444444444444
220 12 7 9 0.7777777777777778
220 13 7 9 0.7777777777777778
220 14 9 9 1
220 15 9 9 1
220 16 6 9 0.6666666666666666
220 17 9 9 1
220 18 7 9 0.7777777777777778
220 19 9 9 1
220 20 9 9 1
223 1 6 9 0.6666666666666666
223 2 3 9 0.3333333333333333
223 3 4 9 0.4444444444444444
223 4 5 9 0.5555555555555556
223 5 3 9 0.3333333333333333
223 6 5 9 0.5555555555555556
223 7 6 9 0.6666666666666666
223 8 6 9 0.6666666666666666
223 9 5 9 0.5555555555555556
223 10 6 9 0.6666666666666666
223 11 7 9 0.7777777777777778
223 12 7 9 0.7777777777777778
223 13 6 9 0.6666666666666666
223 14 7 9 0.7777777777777778
223 15 8 9 0.8888888888888888
223 16 7 9 0.7777777777777778
223 17 7 9 0.7777777777777778
223 18 9 9 1
223 19 9 9 1
223 20 7 9 0.7777777777777778
226 1 3 9 0.3333333333333333
226 2 7 9 0.7777777777777778
226 3 5 9 0.5555555555555556
226 4 6 9 0.6666666666666666
226 5 6 9 0.6666666666666666
226 6 7 9 0.7777777777777778
226 7 9 9 1
226 8 9 9 1
226 9 9 9 1
226 10 9 9 1
226 11 9 9 1
226 12 9 9 1
226 13 9 9 1
226 14 9 9 1
226 15 9 9 1
226 16 9 9 1
226 17 9 9 1
226 18 9 9 1
226 19 9 9 1
226 20 9 9 1
230 1 7 9 0.7777777777777778
230 2 4 9 0.4444444444444444
230 3 8 9 0.8888888888888888
230 4 9 9 1
230 5 9 9 1
230 6 4 9 0.4444444444444444
230 7 6 9 0.6666666666666666
230 8 8 9 0.8888888888888888
230 9 8 9 0.8888888888888888
230 10 7 9 0.7777777777777778
230 11 9 9 1
230 12 8 9 0.8888888888888888
230 13 6 9 0.6666666666666666
230 14 6 9 0.6666666666666666
230 15 7 9 0.7777777777777778
230 16 7 9 0.7777777777777778
230 17 8 9 0.8888888888888888
230 18 9 9 1
230 19 8 9 0.8888888888888888
230 20 5 9 0.5555555555555556
231 1 2 9 0.2222222222222222
231 2 6 9 0.6666666666666666
231 3 4 9 0.4444444444444444
231 4 1 9 0.1111111111111111
231 5 5 9 0.5555555555555556
231 6 3 9 0.3333333333333333
231 7 2 9 0.2222222222222222
231 8 6 9 0.6666666666666666
231 9 7 9 0.7777777777777778
231 10 8 9 0.8888888888888888
231 11 8 9 0.8888888888888888
231 12 9 9 1
231 13 8 9 0.8888888888888888
231 14 2 9 0.2222222222222222
231 15 9 9 1
231 16 9 9 1
231 17 9 9 1
231 18 9 9 1
231 19 8 9 0.8888888888888888
231 20 9 9 1
234 1 0 9 0
234 2 1 9 0.1111111111111111
234 3 3 9 0.3333333333333333
234 4 2 9 0.2222222222222222
234 5 5 9 0.5555555555555556
234 6 6 9 0.6666666666666666
234 7 5 9 0.5555555555555556
234 8 5 9 0.5555555555555556
234 9 5 9 0.5555555555555556
234 10 6 9 0.6666666666666666
234 11 3 9 0.3333333333333333
234 12 6 9 0.6666666666666666
234 13 9 9 1
234 14 6 9 0.6666666666666666
234 15 5 9 0.5555555555555556
234 16 5 9 0.5555555555555556
234 17 6 9 0.6666666666666666
234 18 5 9 0.5555555555555556
234 19 4 9 0.4444444444444444
234 20 4 9 0.4444444444444444
235 1 5 9 0.5555555555555556
235 2 8 9 0.8888888888888888
235 3 2 9 0.2222222222222222
235 4 7 9 0.7777777777777778
235 5 6 9 0.6666666666666666
235 6 5 9 0.5555555555555556
235 7 8 9 0.8888888888888888
235 8 8 9 0.8888888888888888
235 9 8 9 0.8888888888888888
235 10 9 9 1
235 11 9 9 1
235 12 9 9 1
235 13 7 9 0.7777777777777778
235 14 9 9 1
235 15 9 9 1
235 16 9 9 1
235 17 9 9 1
235 18 9 9 1
235 19 9 9 1
235 20 8 9 0.8888888888888888
238 1 3 9 0.3333333333333333
238 2 6 9 0.6666666666666666
238 3 6 9 0.6666666666666666
238 4 6 9 0.6666666666666666
238 5 5 9 0.5555555555555556
238 6 7 9 0.7777777777777778
238 7 9 9 1
238 8 6 9 0.6666666666666666
238 9 8 9 0.8888888888888888
238 10 9 9 1
238 11 7 9 0.7777777777777778
238 12 5 9 0.5555555555555556
238 13 8 9 0.8888888888888888
238 14 9 9 1
238 15 9 9 1
238 16 9 9 1
238 17 8 9 0.8888888888888888
238 18 9 9 1
238 19 9 9 1
238 20 9 9 1
239 1 5 9 0.5555555555555556
239 2 6 9 0.6666666666666666
239 3 5 9 0.5555555555555556
239 4 4 9 0.4444444444444444
239 5 7 9 0.7777777777777778
239 6 7 9 0.7777777777777778
239 7 6 9 0.6666666666666666
239 8 7 9 0.7777777777777778
239 9 6 9 0.6666666666666666
239 10 7 9 0.7777777777777778
239 11 6 9 0.6666666666666666
239 12 6 9 0.6666666666666666
239 13 7 9 0.7777777777777778
239 14 9 9 1
239 15 9 9 1
239 16 9 9 1
239 17 9 9 1
239 18 9 9 1
239 19 9 9 1
239 20 8 9 0.8888888888888888
241 1 6 9 0.6666666666666666
241 2 6 9 0.6666666666666666
241 3 6 9 0.6666666666666666
241 4 8 9 0.8888888888888888
241 5 6 9 0.6666666666666666
241 6 8 9 0.8888888888888888
241 7 7 9 0.7777777777777778
241 8 7 9 0.7777777777777778
241 9 7 9 0.7777777777777778
241 10 8 9 0.8888888888888888
241 11 9 9 1
241 12 9 9 1
241 13 9 9 1
241 14 9 9 1
241 15 9 9 1
241 16 9 9 1
241 17 9 9 1
241 18 9 9 1
241 19 9 9 1
241 20 9 9 1
242 1 3 9 0.3333333333333333
242 2 6 9 0.6666666666666666
242 3 7 9 0.7777777777777778
242 4 5 9 0.5555555555555556
242 5 8 9 0.8888888888888888
242 6 4 9 0.4444444444444444
242 7 8 9 0.8888888888888888
242 8 7 9 0.7777777777777778
242 9 7 9 0.7777777777777778
242 10 7 9 0.7777777777777778
242 11 5 9 0.5555555555555556
242 12 7 9 0.7777777777777778
242 13 8 9 0.8888888888888888
242 14 9 9 1
242 15 9 9 1
242 16 9 9 1
242 17 9 9 1
242 18 9 9 1
242 19 9 9 1
242 20 9 9 1
247 1 4 9 0.4444444444444444
247 2 3 9 0.3333333333333333
247 3 4 9 0.4444444444444444
247 4 2 9 0.2222222222222222
247 5 5 9 0.5555555555555556
247 6 5 9 0.5555555555555556
247 7 6 9 0.6666666666666666
247 8 6 9 0.6666666666666666
247 9 7 9 0.7777777777777778
247 10 7 9 0.7777777777777778
247 11 8 9 0.8888888888888888
247 12 8 9 0.8888888888888888
247 13 9 9 1
247 14 9 9 1
247 15 8 9 0.8888888888888888
247 16 8 9 0.8888888888888888
247 17 9 9 1
247 18 7 9 0.7777777777777778
247 19 7 9 0.7777777777777778
247 20 8 9 0.8888888888888888
255 1 9 9 1
255 2 9 9 1
255 3 9 9 1
255 4 9 9 1
255 5 9 9 1
255 6 9 9 1
255 7 9 9 1
255 8 9 9 1
255 9 9 9 1
255 10 9 9 1
255 11 9 9 1
255 12 9 9 1
255 13 9 9 1
255 14 9 9 1
255 15 9 9 1
255 16 9 9 1
255 17 9 9 1
255 18 9 9 1
255 19 9 9 1
255 20 9 9 1
260 1 8 9 0.8888888888888888
260 2 6 9 0.6666666666666666
260 3 7 9 0.7777777777777778
260 4 8 9 0.8888888888888888
260 5 4 9 0.4444444444444444
260 6 7 9 0.7777777777777778
260 7 6 9 0.6666666666666666
260 8 8 9 0.8888888888888888
260 9 7 9 0.7777777777777778
260 10 7 9 0.7777777777777778
260 11 4 9 0.4444444444444444
260 12 7 9 0.7777777777777778
260 13 7 9 0.7777777777777778
260 14 3 9 0.3333333333333333
260 15 9 9 1
260 16 7 9 0.7777777777777778
260 17 7 9 0.7777777777777778
260 18 2 9 0.2222222222222222
260 19 7 9 0.7777777777777778
260 20 5 9 0.5555555555555556
261 1 4 9 0.4444444444444444
261 2 8 9 0.8888888888888888
261 3 7 9 0.7777777777777778
261 4 8 9 0.8888888888888888
261 5 9 9 1
261 6 9 9 1
261 7 9 9 1
261 8 9 9 1
261 9 9 9 1
261 10 9 9 1
261 11 9 9 1
261 12 9 9 1
261 13 9 9 1
261 14 9 9 1
261 15 9 9 1
261 16 9 9 1
261 17 9 9 1
261 18 9 9 1
261 19 9 9 1
261 20 9 9 1
265 1 5 9 0.5555555555555556
265 2 4 9 0.4444444444444444
265 3 5 9 0.5555555555555556
265 4 4 9 0.4444444444444444
265 5 5 9 0.5555555555555556
265 6 6 9 0.6666666666666666
265 7 9 9 1
265 8 8 9 0.8888888888888888
265 9 8 9 0.8888888888888888
265 10 9 9 1
265 11 9 9 1
265 12 8 9 0.8888888888888888
265 13 9 9 1
265 14 9 9 1
265 15 9 9 1
265 16 9 9 1
265 17 9 9 1
265 18 9 9 1
265 19 9 9 1
265 20 9 9 1
266 1 5 9 0.5555555555555556
266 2 5 9 0.5555555555555556
266 3 6 9 0.6666666666666666
266 4 6 9 0.6666666666666666
266 5 6 9 0.6666666666666666
266 6 5 9 0.5555555555555556
266 7 4 9 0.4444444444444444
266 8 5 9 0.5555555555555556
266 9 5 9 0.5555555555555556
266 10 6 9 0.6666666666666666
266 11 5 9 0.5555555555555556
266 12 7 9 0.7777777777777778
266 13 6 9 0.6666666666666666
266 14 6 9 0.6666666666666666
266 15 8 9 0.8888888888888888
266 16 8 9 0.8888888888888888
266 17 8 9 0.8888888888888888
266 18 9 9 1
266 19 9 9 1
266 20 9 9 1
267 1 6 9 0.6666666666666666
267 2 7 9 0.7777777777777778
267 3 9 9 1
267 4 9 9 1
267 5 9 9 1
267 6 9 9 1
267 7 9 9 1
267 8 9 9 1
267 9 9 9 1
267 10 9 9 1
267 11 9 9 1
267 12 9 9 1
267 13 9 9 1
267 14 9 9 1
267 15 9 9 1
267 16 9 9 1
267 17 9 9 1
267 18 9 9 1
267 19 9 9 1
267 20 9 9 1
272 1 5 9 0.5555555555555556
272 2 5 9 0.5555555555555556
272 3 6 9 0.6666666666666666
272 4 4 9 0.4444444444444444
272 5 3 9 0.3333333333333333
272 6 5 9 0.5555555555555556
272 7 5 9 0.5555555555555556
272 8 4 9 0.4444444444444444
272 9 5 9 0.5555555555555556
272 10 3 9 0.3333333333333333
272 11 5 9 0.5555555555555556
272 12 6 9 0.6666666666666666
272 13 5 9 0.5555555555555556
272 14 6 9 0.6666666666666666
272 15 5 9 0.5555555555555556
272 16 6 9 0.6666666666666666
272 17 6 9 0.6666666666666666
272 18 5 9 0.5555555555555556
272 19 4 9 0.4444444444444444
272 20 4 9 0.4444444444444444
274 1 7 9 0.7777777777777778
274 2 5 9 0.5555555555555556
274 3 5 9 0.5555555555555556
274 4 7 9 0.7777777777777778
274 5 8 9 0.8888888888888888
274 6 7 9 0.7777777777777778
274 7 9 9 1
274 8 9 9 1
274 9 7 9 0.7777777777777778
274 10 7 9 0.7777777777777778
274 11 8 9 0.8888888888888888
274 12 8 9 0.8888888888888888
274 13 8 9 0.8888888888888888
274 14 9 9 1
274 15 9 9 1
274 16 9 9 1
274 17 9 9 1
274 18 9 9 1
274 19 9 9 1
274 20 9 9 1
283 1 6 9 0.6666666666666666
283 2 3 9 0.3333333333333333
283 3 2 9 0.2222222222222222
283 4 8 9 0.8888888888888888
283 5 8 9 0.8888888888888888
283 6 9 9 1
283 7 8 9 0.8888888888888888
283 8 9 9 1
283 9 9 9 1
283 10 8 9 0.8888888888888888
283 11 8 9 0.8888888888888888
283 12 9 9 1
283 13 9 9 1
283 14 9 9 1
283 15 9 9 1
283 16 9 9 1
283 17 9 9 1
283 18 9 9 1
283 19 9 9 1
283 20 9 9 1
289 1 3 9 0.3333333333333333
289 2 4 9 0.4444444444444444
289 3 4 9 0.4444444444444444
289 4 6 9 0.6666666666666666
289 5 4 9 0.4444444444444444
289 6 9 9 1
289 7 9 9 1
289 8 9 9 1
289 9 9 9 1
289 10 8 9 0.8888888888888888
289 11 8 9 0.8888888888888888
289 12 9 9 1
289 13 9 9 1
289 14 9 9 1
289 15 9 9 1
289 16 9 9 1
289 17 9 9 1
289 18 9 9 1
289 19 9 9 1
289 20 9 9 1
292 1 3 9 0.3333333333333333
292 2 4 9 0.4444444444444444
292 3 5 9 0.5555555555555556
292 4 6 9 0.6666666666666666
292 5 6 9 0.6666666666666666
292 6 7 9 0.7777777777777778
292 7 6 9 0.6666666666666666
292 8 7 9 0.7777777777777778
292 9 9 9 1
292 10 9 9 1
292 11 9 9 1
292 12 9 9 1
292 13 9 9 1
292 14 9 9 1
292 15 9 9 1
292 16 9 9 1
292 17 9 9 1
292 18 9 9 1
292 19 9 9 1
292 20 9 9 1
300 1 2 9 0.2222222222222222
300 2 3 9 0.3333333333333333
300 3 5 9 0.5555555555555556
300 4 6 9 0.6666666666666666
300 5 4 9 0.4444444444444444
300 6 4 9 0.4444444444444444
300 7 3 9 0.3333333333333333
300 8 5 9 0.5555555555555556
300 9 2 9 0.2222222222222222
300 10 4 9 0.4444444444444444
300 11 5 9 0.5555555555555556
300 12 6 9 0.6666666666666666
300 13 4 9 0.4444444444444444
300 14 6 9 0.6666666666666666
300 15 4 9 0.4444444444444444
300 16 2 9 0.2222222222222222
300 17 6 9 0.6666666666666666
300 18 7 9 0.7777777777777778
300 19 7 9 0.7777777777777778
300 20 9 9 1
304 1 5 9 0.5555555555555556
304 2 8 9 0.8888888888888888
304 3 7 9 0.7777777777777778
304 4 5 9 0.5555555555555556
304 5 7 9 0.7777777777777778
304 6 5 9 0.5555555555555556
304 7 4 9 0.4444444444444444
304 8 6 9 0.6666666666666666
304 9 5 9 0.5555555555555556
304 10 6 9 0.6666666666666666
304 11 6 9 0.6666666666666666
304 12 5 9 0.5555555555555556
304 13 7 9 0.7777777777777778
304 14 6 9 0.6666666666666666
304 15 4 9 0.4444444444444444
304 16 6 9 0.6666666666666666
304 17 6 9 0.6666666666666666
304 18 6 9 0.6666666666666666
304 19 7 9 0.7777777777777778
304 20 6 9 0.6666666666666666
